administratienummer	key_nkr	incjr	leeft	gesl	topog	morf	CTNMT	CTNMN	CTNMM	PTNMT	PTNMN	PTNMM	VITFUP	VITSTAT	su	rt	ct	MERGED	loc	TNMT	TNMN	TNMM	STATE
34732	3473	2006	83	1	C209	8140	3	0	0	3	0	0	769	1	1	1	0	0	Rectum	3	0	0	1
34743	3474	2006	78	1	C183	8140	X	0	0	3	0	0	1866	0	1	0	1	0	Heptran	3	0	0	0
34772	3477	2006	79	1	C180	8140	X	X	1	3	1	1	700	1	1	0	1	0	Koek_as	3	1	1	1
35162	3516	2006	79	1	C182	8481	3	0		3	0		60	1	1	0	0	1	Koek_as	3	0	9	1
35252	3525	2006	64	1	C182	8140	3	X	0	3	0	0	2041	0	1	0	0	0	Koek_as	3	0	0	0
35272	3527	2006	79	1	C209	8140	X	0	0	2	0	0	2039	0	1	1	0	0	Rectum	2	0	0	0
35312	3531	2006	82	1	C182	8140	X	0		3	1		857	1	1	0	0	0	Koek_as	3	1	9	1
35342	3534	2006	80	1	C186	8140	X	0	1				162	1	0	0	0	0	Colon L	9	0	1	1
35402	3540	2006	54	1	C182	8140	4	X	1				355	1	0	0	1	0	Koek_as	4	9	1	1
35472	3547	2006	72	1	C184	8481	1	0	0	3	0	0	1033	1	1	0	0	0	Heptran	3	0	0	1
35483	3548	2006	83	1	C209	8140	4	1	0	3	1	0	1116	1	1	1	1	0	Rectum	3	1	0	1
35513	3551	2006	83	1	C187	8261	X	X	0	3	0	0	493	1	1	0	0	1	Colon L	3	0	0	1
35572	3557	2006	81	1	C180	8140	X	X	0	2	0		1262	1	1	0	0	1	Koek_as	2	0	0	1
35582	3558	2006	85	1	C187	8140	X	X		3	0		44	1	1	0	0	0	Colon L	3	0	9	1
35623	3562	2006	70	1	C187	8140	X	X	1	4	1		724	1	1	0	0	0	Colon L	4	1	1	1
35665	3566	2006	90	1	C185	8140	X	0	0	3	1	0	1213	1	1	0	0	0	Colon L	3	1	0	1
35682	3568	2006	70	1	C187	8140	X	X	0	1	0	0	2139	0	1	0	0	0	Colon L	1	0	0	0
